     0
Poisson 3D Problem - Convergencia : Q1Q1-P1 
         1         0         0         3        27         1         0         1        36         4
         1         8       0.0       0.0        0.0
                           1.0       0.0        0.0
                           1.0       1.0        0.0
                           0.0       1.0        0.0
                           0.0       0.0        1.0
                           1.0       0.0        1.0
                           1.0       1.0        1.0
                           0.0       1.0        1.0			   
         2         1         2         3         2         9
         0
         1         4         1         1         0    
        13        16         1         1         0
         9        12         1         1         0   
        21        24         1         1         0
        25        28         1         1         0
        33        36         1         1         0
 
         1         8         1        27         8         8         8         4         9         6
         1    1.d-00    0.d+00    0.d-00    0.d+00   0.0d+00    0.d+00    1.d+01   -1.d+00    0.d+00        
       1.0       0.0       0.0
         1         1         1         2         5         4        10        11        14        13         1
         2         1         1         2         2         3         2         4         9

         1        13         1         5        17        25        29         1
         2         1         1         4         4         1         1         1
         2         2         4         1         1         4         2         2
         2         4         2         2         2         2         4         4

    1  0
*end    
Poisson Problem - Convergencia : Q2Q2-P2 
         1         0         0         2        25         1         0         1        40         3        
         1         4       0.0       0.0 
                           1.0       0.0
                           1.0       1.0
                           0.0       1.0
         4         1         4         5
         0
         1         4         1         1         0    
         5        32         9         1         0
         9        36         9         1         0   
        37        40         1         1         0
    
         1        16         1        16         4         9         9         3         4         4     
         1    1.d-02    0.d+00    1.d-02    0.d+00  -0.5d+00    0.d+00    1.d+03   -1.d+00    1.d+02        
       1.0       0.0       0.0
         1         1         1         2         7         6         1
         4         1         1         4         4         5

         1         1         6        10         5         1
         4         1         1         4         4         9

    1  0
Poisson Problem - Convergencia : Q3Q3-P3 
         1         0         0         2        25         1         0         1        40         4        
         1         4       0.0       0.0 
                           1.0       0.0
                           1.0       1.0
                           0.0       1.0
         4         1         4         5
         0
         1         4         1         1         0    
         5        32         9         1         0
         9        36         9         1         0   
        37        40         1         1         0
    
         1        16         1        25         4        16        16         4         5         4     
         1    1.d-02    0.d+00    1.d-02    0.d+00  -0.5d+00    0.d+00    1.d+03   -1.d+00    1.d+02        
       1.0       0.0       0.0
         1         1         1         2         7         6         1
         4         1         1         4         4         5

         1         1         6        10         5         1
         4         1         1         4         4         9

    1  0
Poisson Problem - Convergencia : Q4Q4-P4 
         1         0         0         2        25         1         0         1        40         5        
         1         4       0.0       0.0 
                           1.0       0.0
                           1.0       1.0
                           0.0       1.0
         4         1         4         5
         0
         1         4         1         1         0    
         5        32         9         1         0
         9        36         9         1         0   
        37        40         1         1         0
    
         1        16         1        36         4        16        16         5         6         4     
         1    1.d-02    0.d+00    1.d-02    0.d+00  -0.5d+00    0.d+00    1.d+03   -1.d+00    1.d+02        
       1.0       0.0       0.0
         1         1         1         2         7         6         1
         4         1         1         4         4         5

         1         1         6        10         5         1
         4         1         1         4         4         9

    1  0
Poisson Problem - Convergencia : Q5Q5-P5 
         1         0         0         2        25         1         0         1        40         6        
         1         4       0.0       0.0 
                           1.0       0.0
                           1.0       1.0
                           0.0       1.0
         4         1         4         5
         0
         1         4         1         1         0    
         5        32         9         1         0
         9        36         9         1         0   
        37        40         1         1         0
    
         1        16         1        49         4        25        25         6         7         4     
         1    1.d-02    0.d+00    1.d-02    0.d+00  -0.5d+00    0.d+00    1.d+03   -1.d+00    1.d+02        
       1.0       0.0       0.0
         1         1         1         2         7         6         1
         4         1         1         4         4         5

         1         1         6        10         5         1
         4         1         1         4         4         9

    1  0
*end
Poisson Problem - Convergencia : Q2Q2-P2 
         1         0         0         2        25         1         0         1        40         3        
         1         4       0.0       0.0 
                           1.0       0.0
                           1.0       1.0
                           0.0       1.0
         4         1         4         5
         0
         1         4         1         1         0    
         5        32         9         1         0
         9        36         9         1         0   
        37        40         1         1         0
    
         1        16         1        16         4         9         9         3         4         4     
         1    1.d-02    0.d+00    1.d-02    0.d+00  -0.5d+00    0.d+00    1.d+03   -1.d+00    1.d+02        
       1.0       0.0       0.0
         1         1         1         2         7         6         1
         4         1         1         4         4         5

         1         1         6        10         5         1
         4         1         1         4         4         9

    1  0
Poisson Problem - Convergencia : Q2Q2-P2 
         1         0         0         2        81         1         0         1       144         3        
         1         4       0.0       0.0 
                           1.0       0.0
                           1.0       1.0
                           0.0       1.0
         8         1         8         9
         0
         1         8         1         1         0 
         9       128        17         1         0 
        17       136        17         1         0 
       137       144         1         1         0 

         1        64         1        16         4         9         9         3         4         4       
         1    1.d-02    0.d+00    1.d-02    0.d+00  -0.5d+00    0.d+00    1.d+03   -1.d+00    1.d+02        
       1.0       0.0       0.0
         1         1         1         2        11        10         1
         8         1         1         8         8         9
 
         1         1        10        18         9         1
         8         1         1         8         8        17

 1  0
Poisson Problem - Convergencia : Q2Q2-P2 
         1         0         0         2       289         1         0         1       544         3        
         1         4       0.0       0.0 
                           1.0       0.0
                           1.0       1.0
                           0.0       1.0
        16         1        16        17
         0
         1        16         1         1         0 
        17       512        33         1         0 
        33       528        33         1         0 
       529       544         1         1         0 

         1       256         1        16         4         9         9         3         4         4           
         1    1.d-02    0.d+00    1.d-02    0.d+00  -0.5d+00    0.d+00    1.d+03   -1.d+00    1.d+02        
       1.0       0.0       0.0
         1         1         1         2        19        18         1
        16         1         1        16        16        17

         1         1        18        34        17         1
        16         1         1        16        16        33
 
 1  0
Poisson Problem - Convergencia : Q2Q2-P2 
         1         0         0         2      1089         1         0         1      2112         3        
         1         4       0.0       0.0
                           1.0       0.0
                           1.0       1.0
                           0.0       1.0
        32         1        32        33
         0
         1        32         1         1         0 
        33      2048        65         1         0 
        65      2080        65         1         0 
      2081      2112         1         1         0 
  
         1      1024         1        16         4         9         9         3         4         4          
         1    1.d-02    0.d+00    1.d-02    0.d+00  -0.5d+00    0.d+00    1.d+03   -1.d+00    1.d+02        
       1.0       0.0       0.0
         1         1         1         2        35        34         1
        32         1         1        32        32        33
 
         1         1        34        66        33         1
        32         1         1        32        32        65
 
1  0
Poisson Problem - Convergencia : Q2Q2-P2 
         1         0         0         2      4225         1         0         1      8320         3        
         1         4       0.0       0.0
                           1.0       0.0
                           1.0       1.0
                           0.0       1.0
        64         1        64        65
         0
         1        64         1         1         0 
        65      8192       129         1         0 
       129      8256       129         1         0 
      8257      8320         1         1         0 

         1      4096         1        16         4         9         9         3         4         4   
         1    1.d-02    0.d+00    1.d-02    0.d+00  -0.5d+00    0.d+00    1.d+03   -1.d+00    1.d+02        
       1.0       0.0       0.0
         1         1         1         2        67        66         1
        64         1         1        64        64        65

         1         1        66       130        65         1
        64         1         1        64        64       129
 
1  0
*end
Poisson Problem - Convergencia : Q2Q2-P2 
         1         0         0         2        25         1         0         1        40         3        
         1         4       0.0       0.0 
                           1.0       0.0
                           1.0       1.0
                           0.0       1.0
         4         1         4         5
         0
         1         4         1         1         0    
         5        32         9         1         0
         9        36         9         1         0   
        37        40         1         1         0
    
         1        16         1        16         4         9         9         3         4         4     
         1    1.d-02    0.d+00    1.d-02    0.d+00  -0.5d+00    0.d+00    1.d+03   -1.d+00    1.d+02        
       1.0       0.0       0.0
         1         1         1         2         7         6         1
         4         1         1         4         4         5

         1         1         6        10         5         1
         4         1         1         4         4         9

    1  0
Poisson Problem - Convergencia : Q2Q2-P2 
         1         0         0         2        81         1         0         1       144         3        
         1         4       0.0       0.0 
                           1.0       0.0
                           1.0       1.0
                           0.0       1.0
         8         1         8         9
         0
         1         8         1         0         1         0
         9       128        17         0         1         0
        17       136        17         0         1         0
       137       144         1         0         1         0

         1        64         1        16         4         9         9         3         4         4       
         1    1.d-02    0.d+00    1.d-02    0.d+00  -0.5d+00    0.d+00    2.d+01   -1.d+00    1.d+02        
       1.0       0.0       0.0
         1         1         1         2        11        10         1
         8         1         1         8         8         9
 
         1         1        10        18         9         1
         8         1         1         8         8        17

 1  0
Poisson Problem - Convergencia : Q2Q2-P2 
         1         0         0         2       289         1         0         1       544         3        
         1         4       0.0       0.0 
                           1.0       0.0
                           1.0       1.0
                           0.0       1.0
        16         1        16        17
         0
         1        16         1         0         1         0
        17       512        33         0         1         0
        33       528        33         0         1         0
       529       544         1         0         1         0

         1       256         1        16         4         9         9         3         4         4           
         1    1.d-02    0.d+00    1.d-02    0.d+00  -0.5d+00    0.d+00    2.d+01   -1.d+00    1.d+02        
       1.0       0.0       0.0
         1         1         1         2        19        18         1
        16         1         1        16        16        17

         1         1        18        34        17         1
        16         1         1        16        16        33
 
 1  0
Poisson Problem - Convergencia : Q2Q2-P2 
         1         0         0         2      1089         1         0         1      2112         3        
         1         4       0.0       0.0
                           1.0       0.0
                           1.0       1.0
                           0.0       1.0
        32         1        32        33
         0
         1        32         1         0         1         0
        33      2048        65         0         1         0
        65      2080        65         0         1         0
      2081      2112         1         0         1         0
  
         1      1024         1        16         4         9         9         3         4         4          
         1    1.d-02    0.d+00    1.d-02    0.d+00  -0.5d+00    0.d+00    2.d+01   -1.d+00    1.d+02        
       1.0       0.0       0.0
         1         1         1         2        35        34         1
        32         1         1        32        32        33
 
         1         1        34        66        33         1
        32         1         1        32        32        65
 
1  0
Poisson Problem - Convergencia : Q2Q2-P2 
         1         0         0         2      4225         1         0         1      8320         3        
         1         4       0.0       0.0
                           1.0       0.0
                           1.0       1.0
                           0.0       1.0
        64         1        64        65
         0
         1        64         1         0         1         0
        65      8192       129         0         1         0
       129      8256       129         0         1         0
      8257      8320         1         0         1         0

         1      4096         1        16         4         9         9         3         4         4   
         1    1.d-02    0.d+00    1.d-02    0.d+00  -0.5d+00    0.d+00    2.d+01   -1.d+00    1.d+02        
       1.0       0.0       0.0
         1         1         1         2        67        66         1
        64         1         1        64        64        65

         1         1        66       130        65         1
        64         1         1        64        64       129
 
1  0
*end
Poisson Problem - Convergencia : Q2Q2-P2 
         1         0         0         2        25         1         0         1        40         3        
         1         4       0.0       0.0     0.333
                           1.0       0.0
                           1.0       1.0
                           0.0       1.0
         4         1         4         5
         0
         1         4         1         1         0    
         5        32         9         1         0
         9        36         9         1         0   
        37        40         1         1         0
    
         1        16         1        16         4         9         9         3         4         4     
         1    1.d-02    0.d+00    1.d-02    0.d+00  -0.5d+00    0.d+00    2.d+01   -1.d+00    1.d+02        
       1.0       0.0       0.0
         1         1         1         2         7         6         1
         4         1         1         4         4         5

         1         1         6        10         5         1
         4         1         1         4         4         9

    1  0
Poisson Problem - Convergencia : Q2Q2-P2 
         1         0         0         2        81         1         0         1       144         3        
         1         4       0.0       0.0     0.333
                           1.0       0.0
                           1.0       1.0
                           0.0       1.0
         8         1         8         9
         0
         1         8         1         0         1         0
         9       128        17         0         1         0
        17       136        17         0         1         0
       137       144         1         0         1         0

         1        64         1        16         4         9         9         3         4         4       
         1    1.d-02    0.d+00    1.d-02    0.d+00  -0.5d+00    0.d+00    2.d+01   -1.d+00    1.d+02        
       1.0       0.0       0.0
         1         1         1         2        11        10         1
         8         1         1         8         8         9
 
         1         1        10        18         9         1
         8         1         1         8         8        17

 1  0
Poisson Problem - Convergencia : Q2Q2-P2 
         1         0         0         2       289         1         0         1       544         3        
         1         4       0.0       0.0     0.333
                           1.0       0.0
                           1.0       1.0
                           0.0       1.0
        16         1        16        17
         0
         1        16         1         0         1         0
        17       512        33         0         1         0
        33       528        33         0         1         0
       529       544         1         0         1         0

         1       256         1        16         4         9         9         3         4         4           
         1    1.d-02    0.d+00    1.d-02    0.d+00  -0.5d+00    0.d+00    2.d+01   -1.d+00    1.d+02        
       1.0       0.0       0.0
         1         1         1         2        19        18         1
        16         1         1        16        16        17

         1         1        18        34        17         1
        16         1         1        16        16        33
 
 1  0
Poisson Problem - Convergencia : Q2Q2-P2 
         1         0         0         2      1089         1         0         1      2112         3        
         1         4       0.0       0.0     0.333
                           1.0       0.0
                           1.0       1.0
                           0.0       1.0
        32         1        32        33
         0
         1        32         1         0         1         0
        33      2048        65         0         1         0
        65      2080        65         0         1         0
      2081      2112         1         0         1         0
  
         1      1024         1        16         4         9         9         3         4         4          
         1    1.d-02    0.d+00    1.d-02    0.d+00  -0.5d+00    0.d+00    2.d+01   -1.d+00    1.d+02        
       1.0       0.0       0.0
         1         1         1         2        35        34         1
        32         1         1        32        32        33
 
         1         1        34        66        33         1
        32         1         1        32        32        65
 
1  0
Poisson Problem - Convergencia : Q2Q2-P2 
         1         0         0         2      4225         1         0         1      8320         3        
         1         4       0.0       0.0     0.333
                           1.0       0.0
                           1.0       1.0
                           0.0       1.0
        64         1        64        65
         0
         1        64         1         0         1         0
        65      8192       129         0         1         0
       129      8256       129         0         1         0
      8257      8320         1         0         1         0

         1      4096         1        16         4         9         9         3         4         4   
         1    1.d-02    0.d+00    1.d-02    0.d+00  -0.5d+00    0.d+00    2.d+01   -1.d+00    1.d+02        
       1.0       0.0       0.0
         1         1         1         2        67        66         1
        64         1         1        64        64        65

         1         1        66       130        65         1
        64         1         1        64        64       129
 
1  0
*end
Poisson Problem - Convergencia : Q2Q2-P2 
         1         0         0         2        25         1         0         1        40         3        
         1         4       0.0       0.0
                           0.5       0.0
                           1.0       1.0
                           0.0       1.0
         4         1         4         5
         0
         1         4         1         1         0    
         5        32         9         1         0
         9        36         9         1         0   
        37        40         1         1         0
    
         1        16         1        16         4         9         9         3         4         4     
         1    1.d-02    0.d+00    1.d-02    0.d+00  -0.5d+00    0.d+00    2.d+01   -1.d+00    1.d+02        
       1.0       0.0       0.0
         1         1         1         2         7         6         1
         4         1         1         4         4         5

         1         1         6        10         5         1
         4         1         1         4         4         9

    1  0
Poisson Problem - Convergencia : Q2Q2-P2 
         1         0         0         2        81         1         0         1       144         3        
         1         4       0.0       0.0
                           0.5       0.0
                           1.0       1.0
                           0.0       1.0
         8         1         8         9
         0
         1         8         1         0         1         0
         9       128        17         0         1         0
        17       136        17         0         1         0
       137       144         1         0         1         0

         1        64         1        16         4         9         9         3         4         4       
         1    1.d-02    0.d+00    1.d-02    0.d+00  -0.5d+00    0.d+00    2.d+01   -1.d+00    1.d+02        
       1.0       0.0       0.0
         1         1         1         2        11        10         1
         8         1         1         8         8         9
 
         1         1        10        18         9         1
         8         1         1         8         8        17

 1  0
Poisson Problem - Convergencia : Q2Q2-P2 
         1         0         0         2       289         1         0         1       544         3        
         1         4       0.0       0.0
                           0.5       0.0
                           1.0       1.0
                           0.0       1.0
        16         1        16        17
         0
         1        16         1         0         1         0
        17       512        33         0         1         0
        33       528        33         0         1         0
       529       544         1         0         1         0

         1       256         1        16         4         9         9         3         4         4           
         1    1.d-02    0.d+00    1.d-02    0.d+00  -0.5d+00    0.d+00    2.d+01   -1.d+00    1.d+02        
       1.0       0.0       0.0
         1         1         1         2        19        18         1
        16         1         1        16        16        17

         1         1        18        34        17         1
        16         1         1        16        16        33
 
 1  0
Poisson Problem - Convergencia : Q2Q2-P2 
         1         0         0         2      1089         1         0         1      2112         3        
         1         4       0.0       0.0
                           0.5       0.0
                           1.0       1.0
                           0.0       1.0
        32         1        32        33
         0
         1        32         1         0         1         0
        33      2048        65         0         1         0
        65      2080        65         0         1         0
      2081      2112         1         0         1         0
  
         1      1024         1        16         4         9         9         3         4         4          
         1    1.d-02    0.d+00    1.d-02    0.d+00  -0.5d+00    0.d+00    2.d+01   -1.d+00    1.d+02        
       1.0       0.0       0.0
         1         1         1         2        35        34         1
        32         1         1        32        32        33
 
         1         1        34        66        33         1
        32         1         1        32        32        65
 
1  0
Poisson Problem - Convergencia : Q2Q2-P2 
         1         0         0         2      4225         1         0         1      8320         3        
         1         4       0.0       0.0
                           0.5       0.0
                           1.0       1.0
                           0.0       1.0
        64         1        64        65
         0
         1        64         1         0         1         0
        65      8192       129         0         1         0
       129      8256       129         0         1         0
      8257      8320         1         0         1         0

         1      4096         1        16         4         9         9         3         4         4   
         1    1.d-02    0.d+00    1.d-02    0.d+00  -0.5d+00    0.d+00    2.d+01   -1.d+00    1.d+02        
       1.0       0.0       0.0
         1         1         1         2        67        66         1
        64         1         1        64        64        65

         1         1        66       130        65         1
        64         1         1        64        64       129
 
1  0
*end
Poisson Problem - Convergencia : Q2Q2-P2 
         1         0         0         2        25         1         0         1        40         3        
         1         4       0.0       0.0
                           1.0       0.0
                           1.0       1.0
                           0.0       1.0
         4         1         4         5
         0
         1         4         1         1         0    
         5        32         9         1         0    
         9        36         9         1         0    
        37        40         1         1         0    
    
         1        16         1        16         4         9         9         3         4         4     
         1    1.d-02    0.d+00    1.d-02    0.d+00  -0.5d+00    0.d+00    1.d+01   -1.d+00    1.d+02        
       1.0       0.0       0.0
         1         1         1         2         7         6         1
         4         1         1         4         4         5

         1         1         6        10         5         1
         4         1         1         4         4         9

    1  0
Poisson Problem - Convergencia : Q2Q2-P2
         1         0         0         2        81         1         0         1       144         3        
         1         4       0.0       0.0
                           1.0       0.0
                           1.0       1.0
                           0.0       1.0
         8         1         8         9
         0
         1         8         1         1         0    
         9       128        17         1         0    
        17       136        17         1         0    
       137       144         1         1         0    

         1        64         1        16         4         9         9         3         4         4       
         1    1.d-02    0.d+00    1.d-02    0.d+00  -0.5d+00    0.d+00    1.d+01   -1.d+00    1.d+02        
       1.0       0.0       0.0
         1         1         1         2        11        10         1
         8         1         1         8         8         9
 
         1         1        10        18         9         1
         8         1         1         8         8        17

 1  0
Poisson Problem - Convergencia : Q2Q2-P2 
         1         0         0         2       289         1         0         1       544         3        
         1         4       0.0       0.0
                           1.0       0.0
                           1.0       1.0
                           0.0       1.0
        16         1        16        17
         0
         1        16         1         1         0    
        17       512        33         1         0    
        33       528        33         1         0    
       529       544         1         1         0    

         1       256         1        16         4         9         9         3         4         4           
         1    1.d-02    0.d+00    1.d-02    0.d+00  -0.5d+00    0.d+00    1.d+01   -1.d+00    1.d+02        
       1.0       0.0       0.0
         1         1         1         2        19        18         1
        16         1         1        16        16        17

         1         1        18        34        17         1
        16         1         1        16        16        33
 
 1  0
Poisson Problem - Convergencia : Q2Q2-P2
         1         0         0         2      1089         1         0         1      2112         3        
         1         4       0.0       0.0
                           1.0       0.0
                           1.0       1.0
                           0.0       1.0
        32         1        32        33
         0
         1        32         1         1         0    
        33      2048        65         1         0    
        65      2080        65         1         0    
      2081      2112         1         1         0    
  
         1      1024         1        16         4         9         9         3         4         4          
         1    1.d-02    0.d+00    1.d-02    0.d+00  -0.5d+00    0.d+00    1.d+01   -1.d+00    1.d+02        
       1.0       0.0       0.0
         1         1         1         2        35        34         1
        32         1         1        32        32        33
 
         1         1        34        66        33         1
        32         1         1        32        32        65
 
1  0
Poisson Problem - Convergencia : Q2Q2-P2
         1         0         0         2      4225         1         0         1      8320         3        
         1         4       0.0       0.0
                           1.0       0.0
                           1.0       1.0
                           0.0       1.0
        64         1        64        65
         0
         1        64         1         1         0    
        65      8192       129         1         0    
       129      8256       129         1         0    
      8257      8320         1         1         0    

         1      4096         1        16         4         9         9         3         4         4   
         1    1.d-02    0.d+00    1.d-02    0.d+00  -0.5d+00    0.d+00    1.d+01   -1.d+00    1.d+02        
       1.0       0.0       0.0
         1         1         1         2        67        66         1
        64         1         1        64        64        65

         1         1        66       130        65         1
        64         1         1        64        64       129
 
1  0
*end
Poisson Problem - Convergencia : Q2Q2-P1 - beta =100 (estavel)/weak Drichlet bc
         1         0         0         2        25         1         1         1        40         2        
         1         4       0.0       0.0
                           1.0       0.0
                           1.0       1.0
                           0.0       1.0
         4         1         4         5
         0
         1         4         1         1         0    
         5        32         9         1         0    
         9        36         9         1         0    
        37        40         1         1         0    
   
        13         0      0.00
    
         1        16         1        16         4         9         9         2         2         4     
         1    1.d-02    0.d+00    1.d-02    0.d+00  -0.5d+00    0.d+00    1.d+01   -1.d+00    1.d+02        
       1.0       0.0       0.0
         1         1         1         2         7         6         1
         4         1         1         4         4         5

         1         1         6        10         5         1
         4         1         1         4         4         9

    1  0
Poisson Problem - Convergencia : Q2Q2-P1 (estavel)
         1         0         0         2        81         1         1         1       144         2        
         1         4       0.0       0.0
                           1.0       0.0
                           1.0       1.0
                           0.0       1.0
         8         1         8         9
         0
         1         8         1         1         0    
         9       128        17         1         0    
        17       136        17         1         0    
       137       144         1         1         0    
   
        13    0      0.00

         1        64         1        16         4         9         9         2         2         4       
         1    1.d-02    0.d+00    1.d-02    0.d+00  -0.5d+00    0.d+00    1.d+01   -1.d+00    1.d+02        
       1.0       0.0       0.0
         1         1         1         2        11        10         1
         8         1         1         8         8         9
 
         1         1        10        18         9         1
         8         1         1         8         8        17

 1  0
Poisson Problem - Convergencia : Q2Q2-P1 (estavel)
         1         0         0         2       289         1         1         1       544         2        
         1         4       0.0       0.0
                           1.0       0.0
                           1.0       1.0
                           0.0       1.0
        16         1        16        17
         0
         1        16         1         1         0    
        17       512        33         1         0    
        33       528        33         1         0    
       529       544         1         1         0    
   
        13         0           0.00

         1       256         1        16         4         9         9         2         2         4           
         1    1.d-02    0.d+00    1.d-02    0.d+00  -0.5d+00    0.d+00    1.d+01   -1.d+00    1.d+02        
       1.0       0.0       0.0
         1         1         1         2        19        18         1
        16         1         1        16        16        17

         1         1        18        34        17         1
        16         1         1        16        16        33
 
 1  0
Poisson Problem - Convergencia : Q2Q2-P1 (estavel)
         1         0         0         2      1089         1         1         1      2112         2        
         1         4       0.0       0.0
                           1.0       0.0
                           1.0       1.0
                           0.0       1.0
        32         1        32        33
         0
         1        32         1         1         0    
        33      2048        65         1         0    
        65      2080        65         1         0    
      2081      2112         1         1         0    
   
        13         0      0.00
  
         1      1024         1        16         4         9         9         2         2         4          
         1    1.d-02    0.d+00    1.d-02    0.d+00  -0.5d+00    0.d+00    1.d+01   -1.d+00    1.d+02        
       1.0       0.0       0.0
         1         1         1         2        35        34         1
        32         1         1        32        32        33
 
         1         1        34        66        33         1
        32         1         1        32        32        65
 
1  0
Poisson Problem - Convergencia : Q2Q2-P1 (estavel)
         1         0         0         2      4225         1         1         1      8320         2        
         1         4       0.0       0.0
                           1.0       0.0
                           1.0       1.0
                           0.0       1.0
        64         1        64        65
         0
         1        64         1         1         0    
        65      8192       129         1         0    
       129      8256       129         1         0    
      8257      8320         1         1         0    
   
        13    0      0.00

         1      4096         1        16         4         9         9         2         2         4   
         1    1.d-02    0.d+00    1.d-02    0.d+00  -0.5d+00    0.d+00    1.d+01   -1.d+00    1.d+02        
       1.0       0.0       0.0
         1         1         1         2        67        66         1
        64         1         1        64        64        65

         1         1        66       130        65         1
        64         1         1        64        64       129
 
1  0
*end
*end
