     0
Poisson 3D Problem - Convergencia : Q1Q1-P1 
         1         0         0         3    274625         1         0         1    798720         4
         1         8       0.0       0.0        0.0
                           1.0       0.0        0.0
                           1.0       1.0        0.0
                           0.0       1.0        0.0
                           0.0       0.0        1.0
                           1.0       0.0        1.0
                           1.0       1.0        1.0
                           0.0       1.0        1.0			   
        64         1        64        65        64      4225
         0
         1      4096        64         1         0         1         0
    794625    798720        64         1         0         1         0
      4097    790400        64        65     12416         1         0   
      4161     20672        64        65     12416         1         0
      8257    790528        64         1     12416         1         0
     12353    794562        64         1     12416         1         0
 
         1    262144         1        27         8         8         8         4         9         6
         1    1.d-00    0.d+00    0.d-00    0.d+00   0.0d+00    0.d+00    1.d+01   -1.d+00    0.d+00        
       1.0       0.0       0.0
         1         1         1         2        67        66      4226      4227      4292      4291         1
        64         1         1        64        64        65        64      4096      4225

         1      8257      4097      4098      8321         1     12417         1
        64         1         1         1         1         1         1         1
        64        64        64        65        65        64        64        64
        64      4096     12416     12416     12416     12416     12416     12416

    1  0
*end    
