     0
Poisson 3D Problem - Convergencia : u Q3 mult Q3
         1         0         0         3      4913         1         0         1     13056        16
         1         8       0.0       0.0        0.0
                           1.0       0.0        0.0
                           1.0       1.0        0.0
                           0.0       1.0        0.0
                           0.0       0.0        1.0
                           1.0       0.0        1.0
                           1.0       1.0        1.0
                           0.0       1.0        1.0			   
        16         1        16        17        16       289
         0
         1       256        16         1         0         1         0
     12801     13056        16         1         0         1         0
       257     12512        16        17       800         1         0   
       273      1328        16        17       800         1         0
       529     12544        16         1       800         1         0
       785     12786        16         1       800         1         0
 
         1      4096         1        64         8        64        64        16        25         6
         1    1.d-00    0.d+00    0.d-00    0.d+00   0.0d+00    0.d+00    1.d+01   -1.d+00    0.d+00        
       1.0       0.0       0.0
         1         1         1         2        19        18       290       291       308       307         1
        16         1         1        16        16        17        16       256       289

         1       529       257       258       545         1       801         1
        16         1         1         1         1         1         1         1
        16        16        16        17        17        16        16        16
        16       256       800       800       800       800       800       800

    1  0
*end