     0
Poisson 3D Problem - Convergencia : monodomain Q1
         1         0         0         3       729         1         0         1      1728         4
         1         8       0.0       0.0        0.0
                         100.0       0.0        0.0
                         100.0     100.0        0.0
                           0.0     100.0        0.0
                           0.0       0.0      100.0
                         100.0       0.0      100.0
                         100.0     100.0      100.0
                           0.0     100.0      100.0			   
         8         1         8         9         8        81
         0
         1        64         8         1         0         0         1    
      1665      1728         8         1         0         0         1
        65      1584         8         9       208         0         1   
        73       344         8         9       208         0         1
       137      1600         8         1       208         0         1
       201      1658         8         1       208         0         1
 
         1       512         1        27         8         8         8         4         9         6
         1  6.00d+00   -1.d+00    0.d-00      1.00      -1.0   1.0d-01       1.0    5.d+02    0.d+00 
       1.0       0.0       0.0
         1         1         1         2        11        10        82        83        92        91         1
         8         1         1         8         8         9         8        64        81

         1       137        65        66       145         1       209         1
         8         1         1         1         1         1         1         1
         8         8         8         9         9         8         8         8
         8        64       208       208       208       208       208       208

    1  0
*end    
