     0
Poisson 3D Problem - Convergencia : u Q2 mult Q2
         1         0         0         3       729         1         0         1      1728         9
         1         8       0.0       0.0        0.0
                           1.0       0.0        0.0
                           1.0       1.0        0.0
                           0.0       1.0        0.0
                           0.0       0.0        1.0
                           1.0       0.0        1.0
                           1.0       1.0        1.0
                           0.0       1.0        1.0			   
         8         1         8         9         8        81
         0
         1        64         8         1         0         1         0    
      1665      1728         8         1         0         1         0
        65      1584         8         9       208         1         0   
        73       344         8         9       208         1         0
       137      1600         8         1       208         1         0
       201      1658         8         1       208         1         0
 
         1       512         1        64         8        27        27         9         9         6
         1    1.d-00    0.d+00    0.d-00    0.d+00   0.0d+00    0.d+00    1.d+01   -1.d+00    0.d+00        
       1.0       0.0       0.0
         1         1         1         2        11        10        82        83        92        91         1
         8         1         1         8         8         9         8        64        81

         1       137        65        66       145         1       209         1
         8         1         1         1         1         1         1         1
         8         8         8         9         9         8         8         8
         8        64       208       208       208       208       208       208

    1  0
*end