     0
Poisson 3D Problem - Convergencia : u Q4 mult Q4
         1         0         0         3       125         1         0         1       240        25
         1         8       0.0       0.0        0.0
                           1.0       0.0        0.0
                           1.0       1.0        0.0
                           0.0       1.0        0.0
                           0.0       0.0        1.0
                           1.0       0.0        1.0
                           1.0       1.0        1.0
                           0.0       1.0        1.0			   
         4         1         4         5         4        25
         0
         1        16         4         1         0         1         0
       225       240         4         1         0         1         0	 
        17       200         4         5        56         1         0
        21       204         4         5        56         1         0   
        37       208         4         1        56         1         0
        53       224         4         1        56         1         0
 
         1        64         1       125         8       125       125        25        25         6
         1    1.d-00    0.d+00    0.d-00    0.d+00   0.0d+00    0.d+00    1.d+02   -1.d+00    0.d+00        
       1.0       0.0       0.0
         1         1         1         2         7         6        26        27        32        31         1
         4         1         1         4         4         5         4        16        25

         1        37        17        18        41         1        57         1
         4         1         1         1         1         1         1         1
         4         4         4         5         5         4         4         4
         4        16        56        56        56        56        56        56

    1  0
*end    
