     0
Poisson 3D Problem - Convergencia : u Q4 mult Q4
         1         0         0         3     35937         1         0         1    101376        25
         1         8       0.0       0.0        0.0
                           1.0       0.0        0.0
                           1.0       1.0        0.0
                           0.0       1.0        0.0
                           0.0       0.0        1.0
                           1.0       0.0        1.0
                           1.0       1.0        1.0
                           0.0       1.0        1.0			   
        32         1        32        33        32      1089
         0
         1      1024        32         1         0         1         0
    100353    101376        32         1         0         1         0
      1025     99264        32        33      3136         1         0   
      1057      5216        32        33      3136         1         0
      2081     99328        32         1      3136         1         0
      3105    100322        32         1      3136         1         0
 
         1     32768         1       125         8       125       125        25        36         6
         1    1.d-00    0.d+00    0.d-00    0.d+00   0.0d+00    0.d+00    1.d+02   -1.d+00    0.d+00        
       1.0       0.0       0.0
         1         1         1         2        35        34      1090      1091      1124      1123         1
        32         1         1        32        32        33        32      1024      1089

         1      2081      1025      1026      2113         1      3137         1
        32         1         1         1         1         1         1         1
        32        32        32        33        33        32        32        32
        32      1024      3136      3136      3136      3136      3136      3136

    1  0
*end    
